   0.0000     -0.38572     -0.40435E-001 -5.4368      -2.6635     
   2.3750     -0.24977      -2.1002      -7.4868      -4.5048     
   4.7500     -0.18222      -3.6010      -8.9414      -5.5992     
   7.1250     -0.14352      -4.7556      -9.9621      -6.1358     
   9.5000     -0.11953      -5.6394      -10.368      -6.2757     
   11.875     -0.10287      -6.2827      -9.8063      -6.2747     
   14.250     -0.90338E-001 -6.6914      -9.3980      -6.2749     
   16.625     -0.80585E-001 -6.9772      -9.1125      -6.2750     
   19.000     -0.72784E-001 -7.1803      -8.9096      -6.2751     
   21.375     -0.66405E-001 -7.3286      -8.7614      -6.2751     
   23.750     -0.61100E-001 -7.4409      -8.6494      -6.2752     
   26.125     -0.56627E-001 -7.5293      -8.5611      -6.2753     
   28.500     -0.52807E-001 -7.6018      -8.4888      -6.2753     
   30.875     -0.49503E-001 -7.6607      -8.4302      -6.2754     
   33.250     -0.46633E-001 -7.7062      -8.3850      -6.2755     
   35.625     -0.44116E-001 -7.7476      -8.3438      -6.2757     
   38.000     -0.41889E-001 -7.7791      -8.3128      -6.2758     
   40.375     -0.39917E-001 -7.8086      -8.2836      -6.2760     
   42.750     -0.38151E-001 -7.8315      -8.2614      -6.2762     
   45.125     -0.36571E-001 -7.8540      -8.2394      -6.2764     
   47.500     -0.35147E-001 -7.8710      -8.2231      -6.2767     
   49.875     -0.33861E-001 -7.8876      -8.2073      -6.2770     
   52.250     -0.32694E-001 -7.9011      -8.1948      -6.2774     
   54.625     -0.31634E-001 -7.9141      -8.1829      -6.2778     
   57.000     -0.30665E-001 -7.9247      -8.1735      -6.2783     
   59.375     -0.29779E-001 -7.9351      -8.1645      -6.2788     
   61.750     -0.28965E-001 -7.9437      -8.1575      -6.2794     
   64.125     -0.28216E-001 -7.9520      -8.1508      -6.2801     
   66.500     -0.27522E-001 -7.9589      -8.1459      -6.2809     
   68.875     -0.26878E-001 -7.9658      -8.1411      -6.2817     
   71.250     -0.26278E-001 -7.9713      -8.1381      -6.2827     
   73.625     -0.25714E-001 -7.9769      -8.1351      -6.2837     
   76.000     -0.25183E-001 -7.9813      -8.1338      -6.2849     
   78.375     -0.24677E-001 -7.9857      -8.1327      -6.2862     
   80.750     -0.24193E-001 -7.9892      -8.1330      -6.2876     
   83.125     -0.23723E-001 -7.9924      -8.1338      -6.2892     
   85.500     -0.23264E-001 -7.9950      -8.1358      -6.2910     
   87.875     -0.22808E-001 -7.9971      -8.1387      -6.2929     
   90.250     -0.22353E-001 -7.9988      -8.1424      -6.2951     
   92.625     -0.21888E-001 -7.9995      -8.1480      -6.2975     
   95.000     -0.21408E-001 -8.0003      -8.1536      -6.3000