0.0000     -0.13835      0.22473E-001 -16.058      -6.2540     
4.7500     -0.71054E-001 -5.8849      -10.151      -6.2541     
9.5000     -0.47879E-001 -7.0639      -8.9722      -6.2541     
14.250     -0.36186E-001 -7.4698      -8.5662      -6.2541     
19.000     -0.29153E-001 -7.6706      -8.3655      -6.2541     
23.750     -0.24476E-001 -7.7772      -8.2590      -6.2541     
28.500     -0.21149E-001 -7.8394      -8.1969      -6.2542     
33.250     -0.18682E-001 -7.8807      -8.1558      -6.2542     
38.000     -0.16787E-001 -7.9115      -8.1253      -6.2543     
42.750     -0.15280E-001 -7.9319      -8.1053      -6.2545     
47.500     -0.14084E-001 -7.9479      -8.0899      -6.2547     
52.250     -0.13096E-001 -7.9600      -8.0785      -6.2550     
57.000     -0.12287E-001 -7.9694      -8.0701      -6.2554     
61.750     -0.11603E-001 -7.9771      -8.0635      -6.2558     
66.500     -0.11028E-001 -7.9832      -8.0590      -6.2565     
71.250     -0.10526E-001 -7.9883      -8.0558      -6.2572     
76.000     -0.10091E-001 -7.9924      -8.0541      -6.2581     
80.750     -0.96920E-002 -7.9955      -8.0539      -6.2593     
85.500     -0.93236E-002 -7.9980      -8.0549      -6.2606     
90.250     -0.89568E-002 -7.9992      -8.0584      -6.2625     
95.000     -0.85774E-002 -8.0003      -8.0620      -6.2643     

