   0.0000     -0.28996     -0.46633E-001 -6.2767      -3.0305     
   2.3750     -0.18667      -2.4227      -8.6268      -5.0178     
   4.7500     -0.13695      -4.1432      -10.226      -6.0142     
   7.1250     -0.10955      -5.3897      -10.678      -6.2663     
   9.5000     -0.91725E-001 -6.2019      -9.8667      -6.2668     
   11.875     -0.78942E-001 -6.6824      -9.3864      -6.2669     
   14.250     -0.69323E-001 -6.9960      -9.0730      -6.2669     
   16.625     -0.61839E-001 -7.2153      -8.8538      -6.2669     
   19.000     -0.55853E-001 -7.3711      -8.6980      -6.2670     
   21.375     -0.50958E-001 -7.4849      -8.5843      -6.2670     
   23.750     -0.46887E-001 -7.5710      -8.4983      -6.2670     
   26.125     -0.43455E-001 -7.6388      -8.4306      -6.2671     
   28.500     -0.40524E-001 -7.6944      -8.3751      -6.2671     
   30.875     -0.37989E-001 -7.7396      -8.3301      -6.2672     
   33.250     -0.35787E-001 -7.7745      -8.2954      -6.2673     
   35.625     -0.33855E-001 -7.8063      -8.2638      -6.2674     
   38.000     -0.32146E-001 -7.8305      -8.2400      -6.2675     
   40.375     -0.30632E-001 -7.8532      -8.2177      -6.2676     
   42.750     -0.29277E-001 -7.8707      -8.2006      -6.2678     
   45.125     -0.28065E-001 -7.8879      -8.1837      -6.2680     
   47.500     -0.26972E-001 -7.9010      -8.1712      -6.2682     
   49.875     -0.25985E-001 -7.9138      -8.1591      -6.2684     
   52.250     -0.25090E-001 -7.9241      -8.1495      -6.2687     
   54.625     -0.24276E-001 -7.9340      -8.1404      -6.2690     
   57.000     -0.23533E-001 -7.9423      -8.1331      -6.2694     
   59.375     -0.22853E-001 -7.9502      -8.1262      -6.2698     
   61.750     -0.22228E-001 -7.9568      -8.1209      -6.2703     
   64.125     -0.21653E-001 -7.9632      -8.1157      -6.2708     
   66.500     -0.21121E-001 -7.9685      -8.1120      -6.2714     
   68.875     -0.20627E-001 -7.9737      -8.1083      -6.2720     
   71.250     -0.20166E-001 -7.9780      -8.1060      -6.2728     
   73.625     -0.19734E-001 -7.9823      -8.1037      -6.2735     
   76.000     -0.19326E-001 -7.9857      -8.1027      -6.2745     
   78.375     -0.18937E-001 -7.9890      -8.1018      -6.2754     
   80.750     -0.18566E-001 -7.9917      -8.1021      -6.2766     
   83.125     -0.18205E-001 -7.9942      -8.1027      -6.2778     
   85.500     -0.17853E-001 -7.9962      -8.1042      -6.2791     
   87.875     -0.17504E-001 -7.9978      -8.1064      -6.2806     
   90.250     -0.17154E-001 -7.9990      -8.1093      -6.2823     
   92.625     -0.16797E-001 -7.9996      -8.1136      -6.2841     
   95.000     -0.16429E-001 -8.0002      -8.1178      -6.2860